[default]
N = 50
N_bar=5
e1 = 0.03
beta = 0.95
tau = 3.0
discount_rate = 0.07
asset_initial_value= 29000000000
nAssetClasses = 4
AssetClasses = ['Bonds','Equity','PE','RealAssets']

nAssets = 43
nBonds = 30
nEquity = 11
nPE = 1
nRealAssets = 1


[Bond_Variables]
z1 = 0.031492
z2 = -0.009682
z3 = -0.000686

m = [ 0.03750239, -0.03318567, -0.01723309]
mu = [ 0.1454672 ,  0.0680687 , -0.0165173 ,  0.11432961,  0.1358847 ,
               0.11503963,  0.15123974,  0.06398098,  0.02968835, -0.0122233 ,0.06448737, 0.02589746,  0.0294011]

rho = [[ 6.60284565e-05, -6.78676754e-05, -6.07958682e-06],
       [-6.78676754e-05,  7.70923686e-05, -1.52903541e-05],
       [-6.07958682e-06, -1.52903541e-05,  3.28749923e-04]]

[weights]
weight_Bonds_min = 0.07
weight_Bonds_max = 0.45
weight_Equity_min = 0.2
weight_Equity_max = 0.55
weight_private_Equity_min = 0.05
weight_private_Equity_max = 0.2
weight_real_assets_min = 0.04
weight_real_assets_max = 0.25

[duration]
duration_liabilities = 12
duration_max = 14
duration_min = 10

[GDP]
GDP = 1e10
GDP_growth_rate = 0.04
GDP_constraint = 0.135

